/* 08049637 */

90 90 90 90 90  90 90 90 90 90  90 90 90 90 90  90 90 90 90 90
90 90 90 90 90  90 90 90 90 90  90 90 90 90 90  90 90 90 90 90
90 90 90 90 90  90 90 90 90 90  90 90 90 90 90  90 90 90 90 90
90 90 90 90 90  90 90 90 90 90  90 90 90 90 90  90 90 90 90 90
90 90 90 90 90  90 90 90 90 90  90 90 90 90 90  90 90 90 90 90

90 90 90 90 90  90 90 90 90 90  90 90 90 90 90  90 90 90 90 90
90 90 90 90 90  90 90 90 90 90  90 90 90 90 90  90 90 90 90 90
90 90 90 90 90  90 90 90 90 90  90 90 90 90 90  90 90 90 90 90
90 90 90 90 90  90 90 90 90 90  90 90 90 90 90  90 90 90 90 90
90 90 90 90 90  90 90 90 90 90  90 90 90 90 90  90 90 90 90 90

90 90 90 90 90  90 90 90 90 90  90 90 90 90 90  90 90 90 90 90
90 90 90 90 90  90 90 90 90 90  90 90 90 90 90  90 90 90 90 90
90 90 90 90 90  90 90 90 90 90  90 90 90 90 90  90 90 90 90 90
90 90 90 90 90  90 90 90 90 90  90 90 90 90 90  90 90 90 90 90
90 90 90 90 90  90 90 90 90 90  90 90 90 90 90  90 90 90 90 90

90 90 90 90 90  90 90 90 90 90  90 90 90 90 90  90 90 90 90 90
90 90 90 90 90  90 90 90 90 90  90 90 90 90 90  90 90 90 90 90
90 90 90 90 90  90 90 90 90 90  90 90 90 90 90  90 90 90 90 90
90 90 90 90 90  90 90 90 90 90  90 90 90 90 90  90 90 90 90 90
90 90 90 90 90  90 90 90 90 90  90 90 90 90 90  90 90 90 90 90

90 90 90 90 90  90 90 90 90 90  90 90 90 90 90  90 90 90 90 90
90 90 90 90 90  90 90 90 90 90  90 90 90 90 90  90 90 90 90 90
90 90 90 90 90  90 90 90 90 90  90 90 90 90 90  90 90 90 90 90
90 90 90 90 90  90 90 90 90 90  90 90 90 90 90  90 90 90 90 90
90 90 90 90 90  90 90 90 90 90  90 90 90 90 90  90 90 90 90 90
90 90 90 90 90  90 90 90 90 b8  3a ac 25 38 8d  6c 24 18 68 37

96 04 08 c3 72 39 68 55


